0.0643941  0.387799
0.248909  0.850764
0.952055  0.0406812
0.758843  0.667196
0.208411  0.922117
0.860164  0.034547
0.367534  0.834803
0.430372  0.963591
0.968108  0.950346
0.0918607  0.675466
0.581347  0.350352
0.713584  0.722098
0.575426  0.358623
0.539445  0.225532
0.522233  0.945555
0.100284  0.767724
0.653096  0.985961
0.564959  0.961821
0.269478  0.651967
0.687124  0.23661
0.515305  0.72161
0.00427259  0.864925
0.416242  0.0848415
0.444746  0.767449
0.593616  0.228034
0.999145  0.123203
0.557665  0.97824
0.612568  0.317911
0.987671  0.2884
0.953917  0.261544
0.904263  0.345042
0.218085  0.606098
0.140904  0.779229
0.617939  0.89526
0.0202033  0.262307
0.721671  0.176763
0.641591  0.268014
0.292428  0.109012
0.686605  0.28132
0.785913  0.0929899
0.148167  0.236122
0.162481  0.46086
0.889737  0.462752
0.170141  0.252388
0.440596  0.926176
0.754173  0.610828
0.934355  0.0367748
0.750145  0.328562
0.595569  0.814692
0.516495  0.575152
