0.410901  0.606067
0.0648824  0.257973
0.362163  0.322916
0.149419  0.457259
0.93112  0.539659
0.457198  0.474654
0.613483  0.619068
0.849422  0.377392
0.754967  0.381817
0.790307  0.494034
0.706229  0.266823
0.99118  0.10712
0.870296  0.813562
0.0878628  0.0458998
0.0488296  0.248238
0.00756859  0.211035
0.993652  0.454756
0.18131  0.561846
0.569262  0.111332
0.258461  0.598041
0.433393  0.274728
0.479324  0.866573
0.640919  0.192846
0.362499  0.525254
0.0781884  0.627125
0.862423  0.494369
0.133488  0.465896
0.654347  0.227088
0.510208  0.910123
0.702322  0.630634
0.588641  0.0125126
0.766594  0.16892
0.243233  0.851619
0.00674459  0.678121
0.520768  0.121525
0.336894  0.926237
0.0862453  0.419385
0.688833  0.448347
0.84283  0.0109561
0.83993  0.688253
0.631458  0.356273
0.961516  0.978118
0.417158  0.175939
0.544359  0.387127
0.867733  0.34019
0.857265  0.970824
0.731254  0.361095
0.59508  0.451643
0.91879  0.769555
0.872555  0.862911
0.698386  0.158422
0.219977  0.186254
0.906552  0.17307
0.737297  0.515213
0.583636  0.229896
0.0621967  0.774834
0.93936  0.245247
0.309549  0.529496
0.0544755  0.155004
0.637104  0.909787
0.225318  0.506394
0.594958  0.189734
0.3567  0.903562
0.914151  0.0457472
0.310526  0.587664
0.891171  0.0285043
0.61507  0.933256
0.0241401  0.278726
0.442366  0.141453
0.0575579  0.0185553
0.259133  0.912351
0.0911588  0.849696
0.0578021  0.376385
0.909726  0.389019
0.574084  0.0673849
0.189611  0.273782
0.39671  0.217505
0.738853  0.0669271
0.376476  0.155736
0.426222  0.0940886
0.239998  0.0914029
0.95645  0.743645
0.814997  0.0633564
0.147099  0.260537
0.773095  0.336558
0.863796  0.566088
0.296304  0.0273141
0.269784  0.133763
0.574023  0.238166
0.546403  0.453413
0.535722  0.483657
0.740257  0.11417
0.72689  0.68865
0.893704  0.0382092
0.733146  0.539842
0.114902  0.895749
0.0599994  0.472457
0.743461  0.233039
0.873653  0.0724815
0.267769  0.344798